100_001_110_001_11e1x&1&bistable1k,993,67,0.06747230614300101
100_001_110_001_11e1x&2&bistable1k,991,143,0.1442986881937437
100_001_010_1e2x1&1&bistable1k,995,545,0.5477386934673367
100_001_010_1e2x1&2&bistable1k,988,574,0.5809716599190283
100_010_e1x11&1&bistable1k,994,119,0.11971830985915492
100_010_e1x11&2&bistable1k,986,177,0.1795131845841785
100_010_11e2x&1&bistable1k,989,9,0.00910010111223458
100_010_11e2x&2&bistable1k,983,43,0.04374364191251272
100_001_110_001_e1x11&1&bistable1k,982,142,0.1446028513238289
100_001_110_001_e1x11&2&bistable1k,986,196,0.19878296146044624
100_011_e1x11&1&bistable1k,3969,475,0.11967750062988158
100_011_e1x11&2&bistable1k,3961,711,0.17950012623074982
100_001_010_11e2x&1&bistable1k,987,10,0.010131712259371834
100_001_010_11e2x&2&bistable1k,986,51,0.05172413793103448
100_001_010_e2x1e2x&1&bistable1k,989,24,0.024266936299292215
100_001_010_e2x1e2x&2&bistable1k,987,60,0.060790273556231005
100_010_111&1&bistable1k,992,133,0.13407258064516128
100_010_111&2&bistable1k,990,201,0.20303030303030303
100_001_110_001_1e2x1&1&bistable1k,992,530,0.5342741935483871
100_001_110_001_1e2x1&2&bistable1k,990,558,0.5636363636363636
100_011_e2x11&1&bistable1k,3969,401,0.10103300579491056
100_011_e2x11&2&bistable1k,3960,462,0.11666666666666667
1e3x1&1&bistable1k,989,449,0.4539939332659252
1e3x1&2&bistable1k,992,446,0.4495967741935484
100_001_110_001_e2x11&1&bistable1k,992,114,0.11491935483870967
100_001_110_001_e2x11&2&bistable1k,986,142,0.1440162271805274
100_011_111&1&bistable1k,3965,530,0.13366960907944514
100_011_111&2&bistable1k,3973,816,0.20538635791593254
100_001_e2x10_001_111&1&bistable1k,993,161,0.162134944612286
100_001_e2x10_001_111&2&bistable1k,989,210,0.2123356926188069
11e3x&1&bistable1k,983,0,0.0
11e3x&2&bistable1k,992,0,0.0
100_001_010_1e1xe1x&1&bistable1k,994,141,0.14185110663983905
100_001_010_1e1xe1x&2&bistable1k,986,208,0.21095334685598377
100_001_010_1e2xe2x&1&bistable1k,995,121,0.12160804020100502
100_001_010_1e2xe2x&2&bistable1k,995,190,0.19095477386934673
100_11e1x&1&bistable1k,985,23,0.023350253807106598
100_11e1x&2&bistable1k,984,94,0.09552845528455285
100_001_010_1e1x1&1&bistable1k,994,378,0.38028169014084506
100_001_010_1e1x1&2&bistable1k,993,467,0.4702920443101712
100_001_010_e1x11&1&bistable1k,990,128,0.1292929292929293
100_001_010_e1x11&2&bistable1k,987,185,0.18743667679837892
111&1&bistable1k,995,64,0.06432160804020101
111&2&bistable1k,990,148,0.1494949494949495
e1x11&1&bistable1k,988,5,0.005060728744939271
e1x11&2&bistable1k,987,6,0.0060790273556231
100_1e1x1&1&bistable1k,992,335,0.3377016129032258
100_1e1x1&2&bistable1k,989,460,0.46511627906976744
100_001_e1x10_001&1&bistable1k,991,148,0.14934409687184663
100_001_e1x10_001&2&bistable1k,987,211,0.2137791286727457
1e1x1&1&bistable1k,994,626,0.6297786720321932
1e1x1&2&bistable1k,989,660,0.6673407482305359
100_001_110_001&1&bistable1k,991,138,0.13925327951564076
100_001_110_001&2&bistable1k,990,213,0.21515151515151515
100_001_110_001_1e1x1&1&bistable1k,992,391,0.3941532258064516
100_001_110_001_1e1x1&2&bistable1k,993,463,0.4662638469284995
100_001_110_001_11e2x&1&bistable1k,994,12,0.012072434607645875
100_001_110_001_11e2x&2&bistable1k,986,51,0.05172413793103448
100_001_010_e1xe1x1&1&bistable1k,992,340,0.34274193548387094
100_001_010_e1xe1x1&2&bistable1k,989,334,0.33771486349848334
100_010_e2x11&1&bistable1k,992,100,0.10080645161290322
100_010_e2x11&2&bistable1k,990,117,0.11818181818181818
100_011_11e2x&1&bistable1k,3964,37,0.009334006054490415
100_011_11e2x&2&bistable1k,3964,171,0.04313824419778002
1e2x1&1&bistable1k,999,805,0.8058058058058059
1e2x1&2&bistable1k,995,578,0.5809045226130654
100_010_11e1x&1&bistable1k,993,47,0.0473313192346425
100_010_11e1x&2&bistable1k,986,120,0.12170385395537525
100_001_110_001_111&1&bistable1k,991,151,0.15237134207870837
100_001_110_001_111&2&bistable1k,991,231,0.2330978809283552
100_001_1e2x0_001_111&1&bistable1k,991,624,0.6296670030272452
100_001_1e2x0_001_111&2&bistable1k,989,649,0.6562184024266936
100_010_0e2x1&1&bistable1k,994,530,0.5331991951710262
100_010_0e2x1&2&bistable1k,993,586,0.5901309164149043
e2x11&1&bistable1k,993,4,0.004028197381671702
e2x11&2&bistable1k,987,10,0.010131712259371834
e3x11&1&bistable1k,990,10,0.010101010101010102
e3x11&2&bistable1k,986,25,0.02535496957403651
100_001_e1x10_001_111&1&bistable1k,990,152,0.15353535353535352
100_001_e1x10_001_111&2&bistable1k,992,222,0.22379032258064516
100_001_010_e1xe2x1&1&bistable1k,995,589,0.5919597989949749
100_001_010_e1xe2x1&2&bistable1k,992,583,0.5877016129032258
100_001_1e1x0_001&1&bistable1k,991,409,0.4127144298688194
100_001_1e1x0_001&2&bistable1k,989,463,0.46814964610717896
100_001_010_e1x1e1x&1&bistable1k,982,65,0.06619144602851323
100_001_010_e1x1e1x&2&bistable1k,983,140,0.14242115971515767
100_001_1e1x0_001_111&1&bistable1k,990,410,0.41414141414141414
100_001_1e1x0_001_111&2&bistable1k,991,473,0.4772956609485368
100_010_0e1x1&1&bistable1k,990,368,0.3717171717171717
100_010_0e1x1&2&bistable1k,991,451,0.45509586276488395
11e1x&1&bistable1k,990,0,0.0
11e1x&2&bistable1k,984,0,0.0
100_001_010_111&1&bistable1k,993,141,0.1419939577039275
100_001_010_111&2&bistable1k,991,213,0.21493440968718466
100_001_1e2x0_001&1&bistable1k,990,609,0.6151515151515151
100_001_1e2x0_001&2&bistable1k,986,640,0.6490872210953347
100_001_010_e2x11&1&bistable1k,986,108,0.10953346855983773
100_001_010_e2x11&2&bistable1k,988,133,0.1346153846153846
100_001_e2x10_001&1&bistable1k,993,158,0.15911379657603222
100_001_e2x10_001&2&bistable1k,988,195,0.19736842105263158
11e2x&1&bistable1k,995,0,0.0
11e2x&2&bistable1k,984,0,0.0
100_011_11e1x&1&bistable1k,3969,187,0.04711514235323759
100_011_11e1x&2&bistable1k,3965,473,0.11929382093316519
100_001_010_11e1x&1&bistable1k,986,55,0.055780933062880324
100_001_010_11e1x&2&bistable1k,987,131,0.13272543059777103
100_111&1&bistable1k,982,109,0.1109979633401222
100_111&2&bistable1k,990,195,0.19696969696969696
100_001_110_001_11e1x&1&bistable10k,969,32,0.033023735810113516
100_001_110_001_11e1x&2&bistable10k,994,30,0.030181086519114688
100_001_010_1e2x1&1&bistable10k,982,207,0.21079429735234215
100_001_010_1e2x1&2&bistable10k,993,66,0.06646525679758308
100_010_e1x11&1&bistable10k,975,53,0.05435897435897436
100_010_e1x11&2&bistable10k,995,40,0.04020100502512563
100_010_11e2x&1&bistable10k,965,11,0.011398963730569948
100_010_11e2x&2&bistable10k,990,13,0.013131313131313131
100_001_110_001_e1x11&1&bistable10k,979,44,0.0449438202247191
100_001_110_001_e1x11&2&bistable10k,958,38,0.03966597077244259
100_011_e1x11&1&bistable10k,2258,132,0.05845881310894597
100_011_e1x11&2&bistable10k,1987,82,0.0412682435832914
100_001_010_11e2x&1&bistable10k,965,14,0.014507772020725389
100_001_010_11e2x&2&bistable10k,997,11,0.011033099297893681
100_001_010_e2x1e2x&1&bistable10k,976,20,0.020491803278688523
100_001_010_e2x1e2x&2&bistable10k,991,17,0.017154389505549948
100_010_111&1&bistable10k,972,51,0.05246913580246913
100_010_111&2&bistable10k,996,41,0.04116465863453815
100_001_110_001_1e2x1&1&bistable10k,984,200,0.2032520325203252
100_001_110_001_1e2x1&2&bistable10k,996,63,0.06325301204819277
100_011_e2x11&1&bistable10k,2169,134,0.06177962194559705
100_011_e2x11&2&bistable10k,1989,96,0.048265460030165915
1e3x1&1&bistable10k,977,259,0.26509723643807576
1e3x1&2&bistable10k,978,592,0.6053169734151329
100_001_110_001_e2x11&1&bistable10k,969,53,0.054695562435500514
100_001_110_001_e2x11&2&bistable10k,899,44,0.048943270300333706
100_011_111&1&bistable10k,2476,136,0.05492730210016155
100_011_111&2&bistable10k,1988,80,0.04024144869215292
100_001_e2x10_001_111&1&bistable10k,973,50,0.051387461459403906
100_001_e2x10_001_111&2&bistable10k,835,32,0.03832335329341317
11e3x&1&bistable10k,962,0,0.0
11e3x&2&bistable10k,995,0,0.0
100_001_010_1e1xe1x&1&bistable10k,970,39,0.04020618556701031
100_001_010_1e1xe1x&2&bistable10k,996,41,0.04116465863453815
100_001_010_1e2xe2x&1&bistable10k,977,31,0.03172978505629478
100_001_010_1e2xe2x&2&bistable10k,998,32,0.03206412825651302
100_11e1x&1&bistable10k,969,27,0.02786377708978328
100_11e1x&2&bistable10k,993,29,0.02920443101711984
100_001_010_1e1x1&1&bistable10k,984,98,0.09959349593495935
100_001_010_1e1x1&2&bistable10k,994,57,0.05734406438631791
100_001_010_e1x11&1&bistable10k,976,48,0.04918032786885246
100_001_010_e1x11&2&bistable10k,996,41,0.04116465863453815
111&1&bistable10k,979,53,0.054136874361593465
111&2&bistable10k,996,38,0.03815261044176707
e1x11&1&bistable10k,959,3,0.0031282586027111575
e1x11&2&bistable10k,993,13,0.013091641490433032
100_1e1x1&1&bistable10k,974,170,0.17453798767967146
100_1e1x1&2&bistable10k,995,87,0.08743718592964825
100_001_e1x10_001&1&bistable10k,972,46,0.047325102880658436
100_001_e1x10_001&2&bistable10k,995,39,0.03919597989949749
1e1x1&1&bistable10k,982,702,0.714867617107943
1e1x1&2&bistable10k,994,772,0.7766599597585513
100_001_110_001&1&bistable10k,976,48,0.04918032786885246
100_001_110_001&2&bistable10k,996,41,0.04116465863453815
100_001_110_001_1e1x1&1&bistable10k,976,91,0.0932377049180328
100_001_110_001_1e1x1&2&bistable10k,998,54,0.05410821643286573
100_001_110_001_11e2x&1&bistable10k,964,14,0.014522821576763486
100_001_110_001_11e2x&2&bistable10k,984,10,0.01016260162601626
100_001_010_e1xe1x1&1&bistable10k,976,52,0.05327868852459016
100_001_010_e1xe1x1&2&bistable10k,995,45,0.04522613065326633
100_010_e2x11&1&bistable10k,987,55,0.05572441742654509
100_010_e2x11&2&bistable10k,1000,47,0.047
100_011_11e2x&1&bistable10k,2475,32,0.01292929292929293
100_011_11e2x&2&bistable10k,1990,27,0.013567839195979899
1e2x1&1&bistable10k,987,808,0.8186423505572442
1e2x1&2&bistable10k,987,900,0.9118541033434651
100_010_11e1x&1&bistable10k,975,29,0.029743589743589743
100_010_11e1x&2&bistable10k,998,31,0.031062124248496994
100_001_110_001_111&1&bistable10k,971,47,0.04840370751802266
100_001_110_001_111&2&bistable10k,995,37,0.0371859296482412
100_001_1e2x0_001_111&1&bistable10k,981,293,0.29867482161060144
100_001_1e2x0_001_111&2&bistable10k,904,112,0.12389380530973451
100_010_0e2x1&1&bistable10k,974,219,0.22484599589322382
100_010_0e2x1&2&bistable10k,999,81,0.08108108108108109
e2x11&1&bistable10k,965,22,0.022797927461139896
e2x11&2&bistable10k,993,29,0.02920443101711984
e3x11&1&bistable10k,973,75,0.07708119218910586
e3x11&2&bistable10k,995,92,0.09246231155778895
100_001_e1x10_001_111&1&bistable10k,985,47,0.047715736040609136
100_001_e1x10_001_111&2&bistable10k,913,34,0.03723986856516977
100_001_010_e1xe2x1&1&bistable10k,979,133,0.13585291113381
100_001_010_e1xe2x1&2&bistable10k,994,57,0.05734406438631791
100_001_1e1x0_001&1&bistable10k,975,106,0.10871794871794872
100_001_1e1x0_001&2&bistable10k,999,59,0.05905905905905906
100_001_010_e1x1e1x&1&bistable10k,973,37,0.03802672147995889
100_001_010_e1x1e1x&2&bistable10k,1000,24,0.024
100_001_1e1x0_001_111&1&bistable10k,973,105,0.1079136690647482
100_001_1e1x0_001_111&2&bistable10k,973,62,0.06372045220966084
100_010_0e1x1&1&bistable10k,978,112,0.11451942740286299
100_010_0e1x1&2&bistable10k,996,62,0.06224899598393574
11e1x&1&bistable10k,987,0,0.0
11e1x&2&bistable10k,998,1,0.001002004008016032
100_001_010_111&1&bistable10k,973,49,0.050359712230215826
100_001_010_111&2&bistable10k,999,41,0.04104104104104104
100_001_1e2x0_001&1&bistable10k,979,280,0.28600612870275793
100_001_1e2x0_001&2&bistable10k,994,112,0.11267605633802817
100_001_010_e2x11&1&bistable10k,972,52,0.053497942386831275
100_001_010_e2x11&2&bistable10k,965,50,0.05181347150259067
100_001_e2x10_001&1&bistable10k,972,50,0.051440329218107
100_001_e2x10_001&2&bistable10k,918,34,0.037037037037037035
11e2x&1&bistable10k,987,0,0.0
11e2x&2&bistable10k,995,0,0.0
100_011_11e1x&1&bistable10k,2461,78,0.03169443315725315
100_011_11e1x&2&bistable10k,1986,64,0.032225579053373615
100_001_010_11e1x&1&bistable10k,971,29,0.029866117404737384
100_001_010_11e1x&2&bistable10k,997,30,0.03009027081243731
100_111&1&bistable10k,974,51,0.052361396303901436
100_111&2&bistable10k,995,40,0.04020100502512563
100_001_110_001_11e1x&1&bistable100k,454,7,0.015418502202643172
100_001_010_1e2x1&1&bistable100k,374,34,0.09090909090909091
100_010_e1x11&1&bistable100k,381,8,0.02099737532808399
100_010_11e2x&1&bistable100k,394,0,0.0
100_001_110_001_e1x11&1&bistable100k,461,11,0.02386117136659436
100_011_e1x11&1&bistable100k,759,16,0.021080368906455864
100_001_010_11e2x&1&bistable100k,381,1,0.0026246719160104987
100_001_010_e2x1e2x&1&bistable100k,352,4,0.011363636363636364
100_010_111&1&bistable100k,392,7,0.017857142857142856
100_001_110_001_1e2x1&1&bistable100k,475,50,0.10526315789473684
100_011_e2x11&1&bistable100k,729,35,0.04801097393689986
1e3x1&1&bistable100k,941,219,0.23273113708820403
100_001_110_001_e2x11&1&bistable100k,445,15,0.033707865168539325
100_011_111&1&bistable100k,789,13,0.016476552598225603
100_001_e2x10_001_111&1&bistable100k,421,7,0.0166270783847981
11e3x&1&bistable100k,979,0,0.0
11e3x&2&bistable100k,43,0,0.0
100_001_010_1e1xe1x&1&bistable100k,374,6,0.016042780748663103
100_001_010_1e2xe2x&1&bistable100k,375,2,0.005333333333333333
100_11e1x&1&bistable100k,440,4,0.00909090909090909
100_001_010_1e1x1&1&bistable100k,371,11,0.029649595687331536
100_001_010_e1x11&1&bistable100k,363,10,0.027548209366391185
111&1&bistable100k,608,16,0.02631578947368421
e1x11&1&bistable100k,620,1,0.0016129032258064516
100_1e1x1&1&bistable100k,437,19,0.043478260869565216
100_001_e1x10_001&1&bistable100k,367,8,0.021798365122615803
1e1x1&1&bistable100k,752,562,0.7473404255319149
100_001_110_001&1&bistable100k,380,6,0.015789473684210527
100_001_110_001_1e1x1&1&bistable100k,453,16,0.03532008830022075
100_001_110_001_11e2x&1&bistable100k,453,0,0.0
100_001_010_e1xe1x1&1&bistable100k,376,8,0.02127659574468085
100_010_e2x11&1&bistable100k,368,17,0.04619565217391304
100_011_11e2x&1&bistable100k,792,0,0.0
1e2x1&1&bistable100k,907,545,0.6008820286659317
100_010_11e1x&1&bistable100k,395,4,0.010126582278481013
100_001_110_001_111&1&bistable100k,458,7,0.015283842794759825
100_001_1e2x0_001_111&1&bistable100k,435,54,0.12413793103448276
100_010_0e2x1&1&bistable100k,343,38,0.11078717201166181
e2x11&1&bistable100k,652,16,0.024539877300613498
e3x11&1&bistable100k,529,56,0.10586011342155009
100_001_e1x10_001_111&1&bistable100k,440,6,0.013636363636363636
100_001_010_e1xe2x1&1&bistable100k,373,17,0.045576407506702415
100_001_1e1x0_001&1&bistable100k,475,17,0.035789473684210524
100_001_010_e1x1e1x&1&bistable100k,369,5,0.013550135501355014
100_001_1e1x0_001_111&1&bistable100k,452,14,0.030973451327433628
100_010_0e1x1&1&bistable100k,394,11,0.027918781725888325
11e1x&1&bistable100k,539,0,0.0
100_001_010_111&1&bistable100k,373,6,0.0160857908847185
100_001_1e2x0_001&1&bistable100k,465,55,0.11827956989247312
100_001_010_e2x11&1&bistable100k,354,13,0.03672316384180791
100_001_e2x10_001&1&bistable100k,342,8,0.023391812865497075
11e2x&1&bistable100k,597,0,0.0
100_011_11e1x&1&bistable100k,790,8,0.010126582278481013
100_001_010_11e1x&1&bistable100k,384,6,0.015625
100_111&1&bistable100k,430,8,0.018604651162790697
